%YAML:1.0
---
image_width: 752
image_height: 480
camera_matrix: !!opencv-matrix
   rows: 3
   cols: 3
   dt: d
   data: [ 3.8421874855351302e+03, 0., 376., 0., 3.2233770242091005e+03,
       240., 0., 0., 1. ]
distortion_coefficients: !!opencv-matrix
   rows: 1
   cols: 5
   dt: d
   data: [ -1.0616322259581079e+01, 8.7848235253747976e+02, 0., 0.,
       -3.2926765011098505e+04 ]
